1	0.001	0.000	0.000	0.001	0.001
8	0.017	0.010	0.001	0.016	0.017
99	0.233	0.863	0.005	0.227	0.238
1107	3.396	1.065	0.006	3.390	3.402
5459	27.977	8866.616	0.546	27.431	28.523
11067	51.906	41308.602	1.178	50.727	53.084
55649	325.170	24454.060	0.906	324.264	326.077
111150	673.246	47565.772	1.264	671.982	674.511
554906	3638.789	831741.285	5.287	3633.502	3644.075
1112374	7574.453	22370816.405	27.418	7547.035	7601.870
1	0.12	2.65	0.01	0.11	0.13
1	0.14	0.34	0.00	0.14	0.15
1	0.21	0.26	0.00	0.21	0.21
1	0.29	0.32	0.00	0.28	0.29
1	0.36	0.87	0.01	0.35	0.36
1	0.48	0.31	0.00	0.48	0.49
1	0.70	3.65	0.01	0.68	0.71
8	0.11	0.10	0.00	0.11	0.11
8	0.14	0.21	0.00	0.14	0.14
8	0.22	0.44	0.00	0.22	0.22
8	0.32	10.71	0.02	0.30	0.34
8	0.39	2.06	0.01	0.38	0.39
8	0.51	2.09	0.01	0.50	0.51
8	0.74	3.41	0.01	0.73	0.75
99	0.45	2.07	0.01	0.44	0.46
99	0.29	0.76	0.01	0.28	0.29
99	0.25	0.45	0.00	0.25	0.26
99	0.30	0.29	0.00	0.30	0.31
99	0.37	0.30	0.00	0.37	0.37
99	0.54	0.47	0.00	0.53	0.54
99	0.65	1.07	0.01	0.64	0.65
1107	3.72	8.96	0.02	3.70	3.73
1107	2.15	8.14	0.02	2.13	2.16
1107	1.36	2.77	0.01	1.35	1.37
1107	1.07	0.40	0.00	1.07	1.07
1107	0.95	0.42	0.00	0.95	0.95
1107	0.92	0.41	0.00	0.92	0.93
1107	0.95	0.86	0.01	0.95	0.96
5459	26.28	8519.36	0.54	25.74	26.81
5459	13.64	32.54	0.03	13.61	13.68
5459	7.50	129.55	0.07	7.43	7.56
5459	6.84	310.89	0.10	6.74	6.95
5459	5.94	55.21	0.04	5.89	5.98
5459	4.72	17.75	0.02	4.69	4.74
5459	4.29	31.22	0.03	4.26	4.33
11067	44.39	7921.18	0.52	43.87	44.90
11067	25.29	522.19	0.13	25.16	25.42
11067	14.80	567.63	0.14	14.66	14.94
11067	12.24	262.38	0.09	12.14	12.33
11067	10.22	104.62	0.06	10.16	10.28
11067	9.27	344.39	0.11	9.16	9.38
11067	8.09	18.64	0.03	8.06	8.11
55649	285.97	35695.63	1.10	284.88	287.07
55649	155.70	2298.23	0.28	155.42	155.98
55649	89.42	1090.60	0.19	89.23	89.61
55649	69.34	716.89	0.16	69.18	69.49
55649	59.26	2396.41	0.28	58.98	59.55
55649	52.45	1184.87	0.20	52.25	52.64
55649	48.48	1102.88	0.19	48.28	48.67
111150	600.15	91062.66	1.75	598.40	601.89
111150	320.93	16848.97	0.75	320.18	321.68
111150	190.14	710.78	0.15	189.98	190.29
111150	144.56	1071.07	0.19	144.37	144.75
111150	123.09	3147.87	0.33	122.77	123.42
111150	106.24	2501.44	0.29	105.95	106.53
111150	106.26	28307.71	0.98	105.29	107.24
554905	3260.60	314610.16	3.25	3257.34	3263.85
554905	1751.98	105950.79	1.89	1750.09	1753.86
554905	1028.91	12285.98	0.64	1028.26	1029.55
554905	777.23	10579.94	0.60	776.64	777.83
554905	660.24	63365.31	1.46	658.78	661.70
554905	568.90	136676.90	2.14	566.76	571.05
554905	524.11	31024.55	1.02	523.09	525.14
1112374	6791.91	15654799.78	22.94	6768.97	6814.85
1112374	3674.53	1219399.47	6.40	3668.13	3680.94
1112374	2143.97	70952.70	1.54	2142.43	2145.52
1112374	1614.47	50066.99	1.30	1613.17	1615.76
1112374	1371.91	159621.14	2.32	1369.59	1374.23
1112374	1176.05	96465.07	1.80	1174.25	1177.85
1112374	1090.48	45395.05	1.24	1089.24	1091.71
1	0.01	0.03	0.00	0.00	0.01
1	0.01	0.03	0.00	0.00	0.01
1	0.06	8.96	0.02	0.04	0.08
1	0.06	8.97	0.02	0.04	0.08
1	0.04	0.90	0.01	0.04	0.05
1	0.04	0.91	0.01	0.04	0.05
1	0.05	1.12	0.01	0.04	0.06
1	0.05	1.13	0.01	0.05	0.06
1	0.06	1.23	0.01	0.05	0.07
1	0.06	1.21	0.01	0.05	0.07
1	0.07	2.42	0.01	0.06	0.08
1	0.07	2.44	0.01	0.06	0.08
1	0.09	3.16	0.01	0.08	0.10
1	0.09	3.16	0.01	0.08	0.10
8	0.02	0.02	0.00	0.02	0.02
8	0.02	0.02	0.00	0.02	0.02
8	0.04	0.31	0.00	0.04	0.04
8	0.04	0.35	0.00	0.04	0.05
8	0.04	1.09	0.01	0.04	0.05
8	0.05	1.10	0.01	0.04	0.05
8	0.05	0.86	0.01	0.05	0.06
8	0.05	0.86	0.01	0.05	0.06
8	0.06	0.97	0.01	0.05	0.07
8	0.06	0.98	0.01	0.06	0.07
8	0.07	2.23	0.01	0.07	0.08
8	0.08	2.24	0.01	0.07	0.09
8	0.09	1.82	0.01	0.08	0.09
8	0.09	1.87	0.01	0.08	0.10
99	0.19	0.59	0.00	0.18	0.19
99	0.22	0.65	0.00	0.21	0.22
99	0.15	2.05	0.01	0.14	0.16
99	0.18	2.79	0.01	0.17	0.19
99	0.09	1.34	0.01	0.08	0.10
99	0.12	1.41	0.01	0.11	0.13
99	0.09	1.08	0.01	0.08	0.10
99	0.12	1.04	0.01	0.12	0.13
99	0.08	0.79	0.01	0.07	0.08
99	0.11	0.83	0.01	0.11	0.12
99	0.09	2.41	0.01	0.08	0.10
99	0.12	2.49	0.01	0.11	0.13
99	0.10	2.21	0.01	0.09	0.11
99	0.13	2.24	0.01	0.12	0.14
1107	2.98	50.45	0.04	2.94	3.02
1107	3.38	54.94	0.04	3.34	3.43
1107	1.67	62.71	0.05	1.62	1.71
1107	2.08	67.75	0.05	2.04	2.13
1107	0.98	14.68	0.02	0.96	1.00
1107	1.39	17.59	0.02	1.37	1.42
1107	0.68	12.32	0.02	0.66	0.70
1107	1.08	12.29	0.02	1.06	1.10
1107	0.56	4.62	0.01	0.54	0.57
1107	0.96	5.55	0.01	0.95	0.98
1107	0.44	5.84	0.01	0.42	0.45
1107	0.83	5.91	0.01	0.82	0.85
1107	0.47	13.13	0.02	0.45	0.49
1107	0.88	14.49	0.02	0.85	0.90
5459	20.74	17131.23	0.76	19.98	21.50
5459	23.03	18539.20	0.79	22.25	23.82
5459	8.81	206.18	0.08	8.73	8.89
5459	11.00	237.97	0.09	10.91	11.09
5459	4.83	280.03	0.10	4.73	4.93
5459	7.05	329.65	0.11	6.94	7.15
5459	3.48	498.67	0.13	3.35	3.61
5459	5.66	496.60	0.13	5.54	5.79
5459	2.61	131.46	0.07	2.54	2.67
5459	4.79	134.97	0.07	4.72	4.85
5459	2.10	9.57	0.02	2.09	2.12
5459	4.26	10.45	0.02	4.24	4.28
5459	1.82	19.09	0.03	1.80	1.85
5459	3.98	19.26	0.03	3.96	4.01
11067	33.73	2343.82	0.28	33.45	34.01
11067	38.04	2432.11	0.29	37.75	38.32
11067	16.21	304.36	0.10	16.11	16.31
11067	20.48	326.03	0.10	20.37	20.58
11067	8.98	8.40	0.02	8.96	9.00
11067	13.34	15.61	0.02	13.32	13.37
11067	6.34	89.11	0.05	6.29	6.39
11067	10.79	176.18	0.08	10.71	10.87
11067	5.30	215.31	0.09	5.21	5.38
11067	9.73	270.92	0.10	9.63	9.82
11067	5.06	115.67	0.06	5.00	5.13
11067	9.75	94.92	0.06	9.69	9.81
11067	4.70	1242.71	0.20	4.49	4.90
11067	9.35	1544.69	0.23	9.12	9.58
55649	230.53	14504.16	0.70	229.83	231.22
55649	254.52	16785.02	0.75	253.77	255.27
55649	116.39	6100.40	0.45	115.94	116.84
55649	140.44	8056.01	0.52	139.92	140.96
55649	60.17	360.83	0.11	60.06	60.28
55649	84.92	294.04	0.10	84.82	85.02
55649	41.48	6412.81	0.46	41.02	41.95
55649	66.28	6939.97	0.48	65.80	66.77
55649	36.56	3760.03	0.36	36.21	36.92
55649	61.61	3976.21	0.37	61.25	61.98
55649	26.95	93.42	0.06	26.90	27.01
55649	52.40	67.30	0.05	52.35	52.44
55649	29.20	21965.65	0.86	28.34	30.06
55649	54.42	24148.59	0.90	53.52	55.32
111150	499.61	15545.00	0.72	498.89	500.33
111150	550.49	15640.62	0.72	549.77	551.22
111150	247.97	7279.17	0.49	247.48	248.47
111150	298.78	11186.90	0.61	298.17	299.40
111150	128.46	7003.14	0.49	127.98	128.95
111150	179.18	7305.09	0.50	178.69	179.68
111150	86.56	32875.34	1.05	85.51	87.61
111150	137.57	36064.79	1.10	136.47	138.67
111150	71.41	13126.38	0.66	70.74	72.07
111150	122.93	12695.31	0.65	122.28	123.59
111150	53.96	122.37	0.06	53.89	54.02
111150	105.12	651.25	0.15	104.97	105.26
111150	45.05	17658.02	0.77	44.28	45.82
111150	96.92	18008.43	0.78	96.14	97.69
554906	2664.42	434806.58	3.82	2660.60	2668.24
554906	2938.76	481995.50	4.02	2934.73	2942.78
554906	1346.00	110855.38	1.93	1344.07	1347.93
554906	1620.61	113952.97	1.96	1618.66	1622.57
554906	690.63	39669.95	1.15	689.48	691.79
554906	966.56	49965.66	1.30	965.27	967.86
554906	463.45	62973.52	1.45	462.00	464.91
554906	740.78	68335.21	1.52	739.26	742.29
554906	373.81	183406.37	2.48	371.33	376.29
554906	651.13	183079.56	2.48	648.65	653.61
554906	289.62	8331.08	0.53	289.09	290.15
554906	567.61	14510.66	0.70	566.91	568.31
554906	232.21	58987.15	1.41	230.80	233.62
554906	510.67	52782.32	1.33	509.34	512.00
1112374	5586.78	9164092.00	17.55	5569.23	5604.33
1112374	6156.38	9394578.50	17.77	6138.61	6174.15
1112374	2785.43	362027.36	3.49	2781.94	2788.91
1112374	3354.13	366526.17	3.51	3350.62	3357.64
1112374	1420.26	22705.74	0.87	1419.39	1421.14
1112374	1993.23	40244.98	1.16	1992.06	1994.39
1112374	958.57	228769.70	2.77	955.80	961.34
1112374	1528.66	270689.31	3.02	1525.64	1531.67
1112374	781.93	1064254.78	5.98	775.95	787.91
1112374	1353.36	1048445.11	5.94	1347.42	1359.29
1112374	595.49	38716.75	1.14	594.35	596.63
1112374	1172.50	35435.18	1.09	1171.40	1173.59
1112374	506.50	963866.89	5.69	500.81	512.19
1112374	1084.74	1261581.60	6.51	1078.23	1091.25
